Optimal solution found (tolerance 1.00e-04)
Best objective 2.264000000000e+07, best bound 2.264000000000e+07, gap 0.0000%
Optimal solution:
y[0,0] 0.0
y[0,1] 0.0
y[0,2] 0.0
y[0,3] -0.0
y[0,4] 0.0
y[0,5] -0.0
y[0,6] 0.0
y[0,7] 0.0
y[0,8] -0.0
y[0,9] -0.0
y[0,10] 0.0
y[0,11] 0.0
y[0,12] 0.0
y[0,13] 0.0
y[0,14] 0.0
y[0,15] 0.0
y[0,16] 0.0
y[0,17] 1.0
y[0,18] 0.0
y[0,19] 0.0
y[0,20] 0.0
y[1,0] 0.0
y[1,1] 0.0
y[1,2] -0.0
y[1,3] 0.0
y[1,4] -0.0
y[1,5] -0.0
y[1,6] -0.0
y[1,7] 0.0
y[1,8] -0.0
y[1,9] -0.0
y[1,10] -0.0
y[1,11] 0.0
y[1,12] -0.0
y[1,13] -0.0
y[1,14] -0.0
y[1,15] 0.0
y[1,16] 0.0
y[1,17] 1.0
y[1,18] 0.0
y[1,19] 0.0
y[1,20] 0.0
y[2,0] 0.0
y[2,1] 0.0
y[2,2] 0.0
y[2,3] 0.0
y[2,4] -0.0
y[2,5] -0.0
y[2,6] -0.0
y[2,7] 0.0
y[2,8] 0.0
y[2,9] -0.0
y[2,10] -0.0
y[2,11] -0.0
y[2,12] 0.0
y[2,13] 0.0
y[2,14] -0.0
y[2,15] -0.0
y[2,16] 1.0
y[2,17] 0.0
y[2,18] 0.0
y[2,19] 0.0
y[2,20] 0.0
y[3,0] 0.0
y[3,1] 0.0
y[3,2] 0.0
y[3,3] 0.0
y[3,4] 0.0
y[3,5] 0.0
y[3,6] 0.0
y[3,7] 0.0
y[3,8] 0.0
y[3,9] 0.0
y[3,10] 0.0
y[3,11] 1.0
y[3,12] 0.0
y[3,13] 0.0
y[3,14] 0.0
y[3,15] 0.0
y[3,16] 0.0
y[3,17] 0.0
y[3,18] 0.0
y[3,19] 0.0
y[3,20] 0.0
y[4,0] 0.0
y[4,1] 0.0
y[4,2] -0.0
y[4,3] 0.0
y[4,4] -0.0
y[4,5] 0.0
y[4,6] -0.0
y[4,7] -0.0
y[4,8] 0.0
y[4,9] -0.0
y[4,10] 0.0
y[4,11] -0.0
y[4,12] -0.0
y[4,13] 0.0
y[4,14] -0.0
y[4,15] 0.0
y[4,16] -0.0
y[4,17] -0.0
y[4,18] 0.0
y[4,19] 0.0
y[4,20] 1.0
y[5,0] 0.0
y[5,1] 0.0
y[5,2] -0.0
y[5,3] -0.0
y[5,4] -0.0
y[5,5] 0.0
y[5,6] -0.0
y[5,7] -0.0
y[5,8] -0.0
y[5,9] 0.0
y[5,10] -0.0
y[5,11] -0.0
y[5,12] -0.0
y[5,13] 0.0
y[5,14] -0.0
y[5,15] -0.0
y[5,16] -0.0
y[5,17] 1.0
y[5,18] 0.0
y[5,19] 0.0
y[5,20] 0.0
y[6,0] 0.0
y[6,1] 0.0
y[6,2] 0.0
y[6,3] -0.0
y[6,4] -0.0
y[6,5] -0.0
y[6,6] 0.0
y[6,7] 0.0
y[6,8] -0.0
y[6,9] -0.0
y[6,10] -0.0
y[6,11] -0.0
y[6,12] 0.0
y[6,13] 0.0
y[6,14] 0.0
y[6,15] 1.0
y[6,16] 0.0
y[6,17] 0.0
y[6,18] 0.0
y[6,19] 0.0
y[6,20] 0.0
y[7,0] 0.0
y[7,1] 0.0
y[7,2] 0.0
y[7,3] 0.0
y[7,4] -0.0
y[7,5] 0.0
y[7,6] -0.0
y[7,7] -0.0
y[7,8] 0.0
y[7,9] 0.0
y[7,10] -0.0
y[7,11] 0.0
y[7,12] -0.0
y[7,13] -0.0
y[7,14] 0.0
y[7,15] 0.0
y[7,16] 0.0
y[7,17] 0.0
y[7,18] 0.0
y[7,19] 1.0
y[7,20] 0.0
y[8,0] 0.0
y[8,1] 0.0
y[8,2] 0.0
y[8,3] 0.0
y[8,4] 0.0
y[8,5] 0.0
y[8,6] 0.0
y[8,7] 0.0
y[8,8] 0.0
y[8,9] 0.0
y[8,10] 0.0
y[8,11] 0.0
y[8,12] 0.0
y[8,13] 0.0
y[8,14] 0.0
y[8,15] 0.0
y[8,16] 0.0
y[8,17] 0.0
y[8,18] 1.0
y[8,19] 0.0
y[8,20] 0.0
y[9,0] 0.0
y[9,1] 0.0
y[9,2] -0.0
y[9,3] 0.0
y[9,4] 0.0
y[9,5] -0.0
y[9,6] -0.0
y[9,7] -0.0
y[9,8] -0.0
y[9,9] -0.0
y[9,10] -0.0
y[9,11] 1.0
y[9,12] 0.0
y[9,13] 0.0
y[9,14] 0.0
y[9,15] 0.0
y[9,16] 0.0
y[9,17] 0.0
y[9,18] 0.0
y[9,19] 0.0
y[9,20] 0.0
y[10,0] 0.0
y[10,1] 0.0
y[10,2] -0.0
y[10,3] -0.0
y[10,4] 0.0
y[10,5] -0.0
y[10,6] -0.0
y[10,7] -0.0
y[10,8] 0.0
y[10,9] -0.0
y[10,10] -0.0
y[10,11] -0.0
y[10,12] 0.0
y[10,13] -0.0
y[10,14] -0.0
y[10,15] -0.0
y[10,16] 0.0
y[10,17] -0.0
y[10,18] -0.0
y[10,19] -0.0
y[10,20] 1.0
y[11,0] 0.0
y[11,1] 0.0
y[11,2] 0.0
y[11,3] 0.0
y[11,4] 0.0
y[11,5] 0.0
y[11,6] 0.0
y[11,7] 0.0
y[11,8] 0.0
y[11,9] 0.0
y[11,10] 0.0
y[11,11] 0.0
y[11,12] 0.0
y[11,13] 0.0
y[11,14] 0.0
y[11,15] 0.0
y[11,16] 0.0
y[11,17] 1.0
y[11,18] 0.0
y[11,19] 0.0
y[11,20] 0.0
y[12,0] 0.0
y[12,1] 0.0
y[12,2] -0.0
y[12,3] 0.0
y[12,4] 0.0
y[12,5] -0.0
y[12,6] 0.0
y[12,7] -0.0
y[12,8] -0.0
y[12,9] 0.0
y[12,10] 0.0
y[12,11] -0.0
y[12,12] 0.0
y[12,13] -0.0
y[12,14] -0.0
y[12,15] 0.0
y[12,16] 0.0
y[12,17] 0.0
y[12,18] 0.0
y[12,19] 0.0
y[12,20] 1.0
y[13,0] 0.0
y[13,1] 0.0
y[13,2] 0.0
y[13,3] 0.0
y[13,4] 0.0
y[13,5] 0.0
y[13,6] 0.0
y[13,7] 0.0
y[13,8] 0.0
y[13,9] 0.0
y[13,10] 0.0
y[13,11] 0.0
y[13,12] 0.0
y[13,13] 0.0
y[13,14] 0.0
y[13,15] 1.0
y[13,16] 0.0
y[13,17] 0.0
y[13,18] 0.0
y[13,19] 0.0
y[13,20] 0.0
y[14,0] 0.0
y[14,1] 0.0
y[14,2] -0.0
y[14,3] -0.0
y[14,4] -0.0
y[14,5] 0.0
y[14,6] -0.0
y[14,7] 1.0
y[14,8] -0.0
y[14,9] -0.0
y[14,10] 1.0
y[14,11] -0.0
y[14,12] -0.0
y[14,13] -0.0
y[14,14] -0.0
y[14,15] -0.0
y[14,16] -0.0
y[14,17] -0.0
y[14,18] -0.0
y[14,19] 1.0
y[14,20] 0.0
z[0,0] 0.0
z[0,1] 1.0
z[0,2] -0.0
z[0,3] 1.0
z[0,4] -0.0
z[0,5] 1.0
z[0,6] 2.0
z[0,7] -0.0
z[0,8] 1.0
z[0,9] 2.0
z[0,10] -0.0
z[0,11] 1.0
z[0,12] -0.0
z[0,13] 1.0
z[0,14] 0.0
z[0,15] -0.0
z[0,16] 1.0
z[0,17] 0.0
z[0,18] -0.0
z[0,19] -0.0
z[0,20] -0.0
z[1,0] 0.0
z[1,1] 1.0
z[1,2] 2.0
z[1,3] -0.0
z[1,4] 1.0
z[1,5] 2.0
z[1,6] 3.0
z[1,7] -0.0
z[1,8] 1.0
z[1,9] 2.0
z[1,10] 3.0
z[1,11] -0.0
z[1,12] 1.0
z[1,13] 2.0
z[1,14] 3.0
z[1,15] -0.0
z[1,16] 1.0
z[1,17] 0.0
z[1,18] -0.0
z[1,19] -0.0
z[1,20] -0.0
z[2,0] 0.0
z[2,1] 1.0
z[2,2] 2.0
z[2,3] -0.0
z[2,4] 1.0
z[2,5] 2.0
z[2,6] 3.0
z[2,7] 4.0
z[2,8] -0.0
z[2,9] 1.0
z[2,10] 2.0
z[2,11] 3.0
z[2,12] 1.0
z[2,13] -0.0
z[2,14] 1.0
z[2,15] 2.0
z[2,16] 0.0
z[2,17] 1.0
z[2,18] -0.0
z[2,19] -0.0
z[2,20] -0.0
z[3,0] 0.0
z[3,1] 1.0
z[3,2] -0.0
z[3,3] 1.0
z[3,4] 2.0
z[3,5] 3.0
z[3,6] -0.0
z[3,7] 1.0
z[3,8] 2.0
z[3,9] -0.0
z[3,10] 1.0
z[3,11] 0.0
z[3,12] 1.0
z[3,13] 2.0
z[3,14] 3.0
z[3,15] -0.0
z[3,16] -0.0
z[3,17] -0.0
z[3,18] -0.0
z[3,19] -0.0
z[3,20] -0.0
z[4,0] 0.0
z[4,1] 1.0
z[4,2] 2.0
z[4,3] -0.0
z[4,4] 1.0
z[4,5] -0.0
z[4,6] 1.0
z[4,7] 2.0
z[4,8] -0.0
z[4,9] 1.0
z[4,10] -0.0
z[4,11] 1.0
z[4,12] 2.0
z[4,13] -0.0
z[4,14] 1.0
z[4,15] -0.0
z[4,16] 1.0
z[4,17] 2.0
z[4,18] -0.0
z[4,19] 1.0
z[4,20] 0.0
z[5,0] 0.0
z[5,1] -0.0
z[5,2] 1.0
z[5,3] 2.0
z[5,4] 3.0
z[5,5] -0.0
z[5,6] 1.0
z[5,7] 2.0
z[5,8] 3.0
z[5,9] -0.0
z[5,10] 1.0
z[5,11] 2.0
z[5,12] 3.0
z[5,13] -0.0
z[5,14] 1.0
z[5,15] 2.0
z[5,16] 3.0
z[5,17] 0.0
z[5,18] -0.0
z[5,19] -0.0
z[5,20] -0.0
z[6,0] 0.0
z[6,1] 1.0
z[6,2] -0.0
z[6,3] 1.0
z[6,4] 2.0
z[6,5] 3.0
z[6,6] 4.0
z[6,7] -0.0
z[6,8] 1.0
z[6,9] 2.0
z[6,10] 3.0
z[6,11] 4.0
z[6,12] 0.0
z[6,13] -0.0
z[6,14] 1.0
z[6,15] 0.0
z[6,16] 1.0
z[6,17] -0.0
z[6,18] -0.0
z[6,19] -0.0
z[6,20] -0.0
z[7,0] 0.0
z[7,1] 1.0
z[7,2] 2.0
z[7,3] -0.0
z[7,4] 1.0
z[7,5] -0.0
z[7,6] 1.0
z[7,7] 2.0
z[7,8] 3.0
z[7,9] -0.0
z[7,10] 1.0
z[7,11] -0.0
z[7,12] 1.0
z[7,13] 2.0
z[7,14] 1.0
z[7,15] -0.0
z[7,16] 1.0
z[7,17] -0.0
z[7,18] 1.0
z[7,19] 0.0
z[7,20] -0.0
z[8,0] 0.0
z[8,1] 1.0
z[8,2] -0.0
z[8,3] 1.0
z[8,4] -0.0
z[8,5] 1.0
z[8,6] -0.0
z[8,7] 1.0
z[8,8] -0.0
z[8,9] 1.0
z[8,10] -0.0
z[8,11] 1.0
z[8,12] -0.0
z[8,13] 1.0
z[8,14] -0.0
z[8,15] 1.0
z[8,16] -0.0
z[8,17] 1.0
z[8,18] 0.0
z[8,19] -0.0
z[8,20] -0.0
z[9,0] 0.0
z[9,1] 1.0
z[9,2] 2.0
z[9,3] 3.0
z[9,4] -0.0
z[9,5] 1.0
z[9,6] 2.0
z[9,7] 3.0
z[9,8] 4.0
z[9,9] 5.0
z[9,10] 6.0
z[9,11] 0.0
z[9,12] 1.0
z[9,13] 2.0
z[9,14] 3.0
z[9,15] -0.0
z[9,16] -0.0
z[9,17] -0.0
z[9,18] -0.0
z[9,19] -0.0
z[9,20] -0.0
z[10,0] 0.0
z[10,1] 1.0
z[10,2] 2.0
z[10,3] 3.0
z[10,4] -0.0
z[10,5] 1.0
z[10,6] 2.0
z[10,7] 3.0
z[10,8] -0.0
z[10,9] 1.0
z[10,10] 2.0
z[10,11] 3.0
z[10,12] -0.0
z[10,13] 1.0
z[10,14] 2.0
z[10,15] 3.0
z[10,16] -0.0
z[10,17] 1.0
z[10,18] 2.0
z[10,19] 3.0
z[10,20] 0.0
z[11,0] 0.0
z[11,1] 1.0
z[11,2] -0.0
z[11,3] 1.0
z[11,4] -0.0
z[11,5] 1.0
z[11,6] -0.0
z[11,7] 1.0
z[11,8] -0.0
z[11,9] 1.0
z[11,10] -0.0
z[11,11] 1.0
z[11,12] -0.0
z[11,13] 1.0
z[11,14] -0.0
z[11,15] 1.0
z[11,16] -0.0
z[11,17] 0.0
z[11,18] -0.0
z[11,19] -0.0
z[11,20] -0.0
z[12,0] 0.0
z[12,1] -0.0
z[12,2] 1.0
z[12,3] 2.0
z[12,4] -0.0
z[12,5] 1.0
z[12,6] -0.0
z[12,7] 1.0
z[12,8] 2.0
z[12,9] 1.0
z[12,10] -0.0
z[12,11] 1.0
z[12,12] -0.0
z[12,13] 1.0
z[12,14] 2.0
z[12,15] 1.0
z[12,16] -0.0
z[12,17] 1.0
z[12,18] -0.0
z[12,19] 1.0
z[12,20] 0.0
z[13,0] 0.0
z[13,1] 1.0
z[13,2] 2.0
z[13,3] -0.0
z[13,4] 1.0
z[13,5] -0.0
z[13,6] 1.0
z[13,7] 2.0
z[13,8] -0.0
z[13,9] 1.0
z[13,10] 1.0
z[13,11] -0.0
z[13,12] 1.0
z[13,13] -0.0
z[13,14] 1.0
z[13,15] 0.0
z[13,16] 1.0
z[13,17] -0.0
z[13,18] -0.0
z[13,19] -0.0
z[13,20] -0.0
z[14,0] 0.0
z[14,1] 1.0
z[14,2] 2.0
z[14,3] 3.0
z[14,4] 4.0
z[14,5] 5.0
z[14,6] 6.0
z[14,7] 0.0
z[14,8] 1.0
z[14,9] 2.0
z[14,10] -0.0
z[14,11] 1.0
z[14,12] 2.0
z[14,13] 3.0
z[14,14] 4.0
z[14,15] 5.0
z[14,16] 6.0
z[14,17] 7.0
z[14,18] 8.0
z[14,19] 0.0
z[14,20] -0.0
s[0] -0.0
s[1] -0.0
t[0] 3.0
t[1] 3.0
d[0] 0.0
d[1] 0.0
d[2] 0.0
d[3] 0.0
d[4] 0.0
d[5] 0.0
d[6] 0.0
d[7] 0.0
d[8] 0.0
d[9] 0.0
d[10] 0.0
d[11] 0.0
d[12] 0.0
d[13] 0.0
d[14] 0.0
e[0] 1.0
e[1] 1.0
e[2] 1.0
e[3] 1.0
e[4] 1.0
e[5] 1.0
e[6] 1.0
e[7] 1.0
e[8] 1.0
e[9] 1.0
e[10] 1.0
e[11] 1.0
e[12] 1.0
e[13] 1.0
e[14] 1.0
r[0] -0.0
r[1] 1.0
r[2] -0.0
r[3] 0.0
r[4] -0.0
r[5] -0.0
r[6] -0.0
r[7] -0.0
Obj: 22640000.0
Number of fuel stations built on each depot:
Depot 0: -0.0
Depot 1: -0.0
Number of charging stations built on each depot:
Depot 0: 3.0
Depot 1: 3.0
Number of charging stations built on each node:
Node 0: -0.0
Node 1: 1.0
Node 2: -0.0
Node 3: 0.0
Node 4: -0.0
Node 5: -0.0
Node 6: -0.0
Node 7: -0.0
Number of hours passed since train belonging to path i is last charged:
Path 0: 0.0
Path 1: 0.0
Path 2: 0.0
Path 3: 0.0
Path 4: 0.0
Path 5: 0.0
Path 6: 0.0
Path 7: 0.0
Path 8: 0.0
Path 9: 0.0
Path 10: 0.0
Path 11: 0.0
Path 12: 0.0
Path 13: 0.0
Path 14: 0.0
Number of hours train can travel on each path:
Path 0: 17
Path 1: 17
Path 2: 16
Path 3: 11
Path 4: 20
Path 5: 17
Path 6: 15
Path 7: 19
Path 8: 18
Path 9: 11
Path 10: 20
Path 11: 17
Path 12: 20
Path 13: 15
Path 14: 19
